       #bytes #repetitions      t[usec]   Mbytes/sec
            0         1000         0.25         0.00
            1         1000         0.27         3.73
            2         1000         0.27         7.44
            4         1000         0.27        14.89
            8         1000         0.27        29.85
           16         1000         0.29        54.82
           32         1000         0.29       111.66
           64         1000         0.33       195.84
          128         1000         0.37       344.69
          256         1000         0.43       595.81
          512         1000         0.62       824.17
         1024         1000         0.74      1392.23
         2048         1000         0.89      2289.80
         4096         1000         1.68      2431.52
         8192         1000         2.05      3991.91
        16384         1000         2.61      6282.39
        32768         1000         3.74      8768.08
        65536          640         5.08     12896.09
       131072          320        10.06     13035.46
       262144          160        18.11     14471.74
       524288           80        37.68     13915.70
      1048576           40        88.28     11877.29
      2097152           20       211.55      9913.17
      4194304           10       445.48      9415.19
       #bytes #repetitions      t[usec]   Mbytes/sec
            0         1000         0.25         0.00
            1         1000         0.28         3.59
            2         1000         0.28         7.17
            4         1000         0.28        14.46
            8         1000         0.28        28.88
           16         1000         0.31        51.89
           32         1000         0.30       105.12
           64         1000         0.34       189.24
          128         1000         0.40       318.07
          256         1000         0.46       562.53
          512         1000         0.63       816.01
         1024         1000         0.71      1444.07
         2048         1000         0.91      2252.22
         4096         1000         1.80      2278.55
         8192         1000         2.19      3734.69
        16384         1000         2.75      5966.50
        32768         1000         3.89      8429.49
        65536          640         5.58     11752.00
       131072          320        10.51     12470.77
       262144          160        18.89     13876.25
       524288           80        38.89     13479.65
      1048576           40        91.16     11502.40
      2097152           20       220.18      9524.53
      4194304           10       441.40      9502.22
       #bytes #repetitions      t[usec]   Mbytes/sec
            0         1000         0.25         0.00
            1         1000         0.29         3.49
            2         1000         0.28         7.11
            4         1000         0.28        14.17
            8         1000         0.28        28.08
           16         1000         0.30        52.83
           32         1000         0.31       104.79
           64         1000         0.34       187.58
          128         1000         0.38       336.73
          256         1000         0.45       563.71
          512         1000         0.62       821.13
         1024         1000         0.74      1389.30
         2048         1000         0.88      2339.77
         4096         1000         1.79      2290.21
         8192         1000         2.08      3935.34
        16384         1000         2.72      6028.69
        32768         1000         3.92      8369.07
        65536          640         5.59     11721.77
       131072          320        10.45     12540.70
       262144          160        19.12     13712.93
       524288           80        38.91     13474.89
      1048576           40        90.19     11626.18
      2097152           20       206.39     10161.31
      4194304           10       464.43      9031.13
       #bytes #repetitions      t[usec]   Mbytes/sec
            0         1000         0.24         0.00
            1         1000         0.27         3.75
            2         1000         0.27         7.50
            4         1000         0.27        14.96
            8         1000         0.27        29.47
           16         1000         0.30        53.71
           32         1000         0.29       109.99
           64         1000         0.32       198.70
          128         1000         0.37       345.43
          256         1000         0.44       578.89
          512         1000         0.59       860.69
         1024         1000         0.71      1434.98
         2048         1000         0.85      2396.74
         4096         1000         1.70      2405.23
         8192         1000         1.94      4214.97
        16384         1000         2.65      6180.73
        32768         1000         3.62      9054.09
        65536          640         5.49     11929.95
       131072          320         9.53     13757.54
       262144          160        17.63     14867.24
       524288           80        37.47     13994.05
      1048576           40        87.82     11940.71
      2097152           20       211.87      9898.10
      4194304           10       436.63      9606.04
       #bytes #repetitions      t[usec]   Mbytes/sec
            0         1000         0.26         0.00
            1         1000         0.28         3.52
            2         1000         0.29         7.01
            4         1000         0.28        14.06
            8         1000         0.28        28.69
           16         1000         0.30        53.39
           32         1000         0.31       104.41
           64         1000         0.35       181.56
          128         1000         0.41       313.82
          256         1000         0.45       570.01
          512         1000         0.62       830.83
         1024         1000         0.71      1432.70
         2048         1000         0.88      2333.25
         4096         1000         1.75      2340.58
         8192         1000         2.10      3896.40
        16384         1000         2.65      6171.83
        32768         1000         3.75      8733.24
        65536          640         5.26     12454.84
       131072          320        10.52     12463.29
       262144          160        19.22     13638.84
       524288           80        38.81     13509.16
      1048576           40        90.58     11576.27
      2097152           20       217.57      9639.06
      4194304           10       437.59      9584.90
       #bytes #repetitions      t[usec]   Mbytes/sec
            0         1000         0.25         0.00
            1         1000         0.26         3.79
            2         1000         0.26         7.66
            4         1000         0.27        15.05
            8         1000         0.27        30.15
           16         1000         0.29        54.60
           32         1000         0.29       112.22
           64         1000         0.33       195.03
          128         1000         0.39       326.48
          256         1000         0.44       581.03
          512         1000         0.61       844.81
         1024         1000         0.68      1497.90
         2048         1000         0.90      2278.56
         4096         1000         1.70      2409.23
         8192         1000         2.04      4006.48
        16384         1000         2.62      6244.33
        32768         1000         3.59      9123.25
        65536          640         4.88     13422.46
       131072          320         9.58     13675.59
       262144          160        17.00     15417.02
       524288           80        35.51     14765.82
      1048576           40        88.00     11916.06
      2097152           20       209.22     10023.74
      4194304           10       434.14      9661.10
       #bytes #repetitions      t[usec]   Mbytes/sec
            0         1000         0.24         0.00
            1         1000         0.27         3.74
            2         1000         0.27         7.53
            4         1000         0.27        15.08
            8         1000         0.27        30.09
           16         1000         0.29        55.81
           32         1000         0.28       113.09
           64         1000         0.33       194.95
          128         1000         0.36       353.79
          256         1000         0.43       592.74
          512         1000         0.60       851.65
         1024         1000         0.67      1521.91
         2048         1000         0.85      2399.61
         4096         1000         1.72      2385.80
         8192         1000         2.00      4093.58
        16384         1000         2.55      6425.28
        32768         1000         3.71      8825.10
        65536          640         5.25     12489.44
       131072          320        10.09     12994.13
       262144          160        18.01     14554.12
       524288           80        37.50     13979.62
      1048576           40        87.54     11978.15
      2097152           20       211.71      9905.69
      4194304           10       437.92      9577.85
       #bytes #repetitions      t[usec]   Mbytes/sec
            0         1000         0.24         0.00
            1         1000         0.27         3.75
            2         1000         0.26         7.56
            4         1000         0.26        15.10
            8         1000         0.26        30.27
           16         1000         0.29        54.43
           32         1000         0.28       112.51
           64         1000         0.33       193.97
          128         1000         0.38       340.67
          256         1000         0.43       597.57
          512         1000         0.59       873.88
         1024         1000         0.72      1427.56
         2048         1000         0.86      2368.32
         4096         1000         1.69      2425.89
         8192         1000         2.01      4085.77
        16384         1000         2.51      6522.89
        32768         1000         3.65      8975.77
        65536          640         5.15     12725.54
       131072          320         8.98     14600.10
       262144          160        16.61     15782.37
       524288           80        35.08     14946.87
      1048576           40        87.89     11930.16
      2097152           20       209.87      9992.81
      4194304           10       439.73      9538.36
       #bytes #repetitions      t[usec]   Mbytes/sec
            0         1000         0.25         0.00
            1         1000         0.28         3.53
            2         1000         0.28         7.12
            4         1000         0.28        14.40
            8         1000         0.28        28.59
           16         1000         0.31        51.74
           32         1000         0.30       107.86
           64         1000         0.34       186.99
          128         1000         0.39       330.32
          256         1000         0.46       553.04
          512         1000         0.61       843.85
         1024         1000         0.69      1492.04
         2048         1000         0.91      2260.99
         4096         1000         1.80      2278.40
         8192         1000         2.08      3931.93
        16384         1000         2.75      5949.47
        32768         1000         3.82      8575.32
        65536          640         5.34     12273.31
       131072          320        10.11     12960.79
       262144          160        19.71     13303.16
       524288           80        39.20     13373.47
      1048576           40        90.80     11548.17
      2097152           20       217.65      9635.56
      4194304           10       438.72      9560.22
       #bytes #repetitions      t[usec]   Mbytes/sec
            0         1000         0.25         0.00
            1         1000         0.27         3.66
            2         1000         0.27         7.30
            4         1000         0.27        14.59
            8         1000         0.28        28.33
           16         1000         0.30        52.69
           32         1000         0.30       107.54
           64         1000         0.34       185.96
          128         1000         0.39       326.90
          256         1000         0.46       555.54
          512         1000         0.63       814.05
         1024         1000         0.67      1521.76
         2048         1000         0.89      2293.77
         4096         1000         1.79      2284.66
         8192         1000         2.14      3828.04
        16384         1000         2.64      6196.07
        32768         1000         3.86      8489.40
        65536          640         5.30     12369.40
       131072          320        10.04     13048.53
       262144          160        19.04     13771.36
       524288           80        39.16     13388.41
      1048576           40        89.20     11755.76
      2097152           20       216.89      9669.31
      4194304           10       443.60      9455.21
