       #bytes #repetitions      t[usec]   Mbytes/sec
            0         1000         5.39         0.00
            1         1000         5.48         0.18
            2         1000         5.50         0.36
            4         1000         5.52         0.73
            8         1000         5.53         1.45
           16         1000         5.50         2.91
           32         1000         5.51         5.80
           64         1000         5.52        11.60
          128         1000         5.59        22.91
          256         1000         5.65        45.29
          512         1000         5.68        90.09
         1024         1000         6.30       162.42
         2048         1000         6.11       335.07
         4096         1000         7.10       577.19
         8192         1000         7.51      1091.37
        16384         1000         9.67      1693.82
        32768         1000        15.71      2085.21
        65536          640        30.50      2148.37
       131072          320        43.13      3039.13
       262144          160        60.94      4302.00
       524288           80        95.51      5489.20
      1048576           40       161.31      6500.28
      2097152           20       297.86      7040.66
      4194304           10       593.64      7065.43
       #bytes #repetitions      t[usec]   Mbytes/sec
            0         1000         5.39         0.00
            1         1000         5.45         0.18
            2         1000         5.50         0.36
            4         1000         5.50         0.73
            8         1000         5.45         1.47
           16         1000         5.47         2.92
           32         1000         5.49         5.83
           64         1000         5.51        11.61
          128         1000         5.59        22.92
          256         1000         5.64        45.40
          512         1000         5.68        90.10
         1024         1000         6.31       162.39
         2048         1000         6.13       334.26
         4096         1000         7.05       580.60
         8192         1000         7.47      1096.54
        16384         1000         9.73      1683.72
        32768         1000        15.46      2119.71
        65536          640        30.25      2166.37
       131072          320        43.12      3039.82
       262144          160        60.95      4300.98
       524288           80        94.79      5531.27
      1048576           40       160.88      6517.75
      2097152           20       305.03      6875.20
      4194304           10       593.51      7066.99
       #bytes #repetitions      t[usec]   Mbytes/sec
            0         1000         5.44         0.00
            1         1000         5.54         0.18
            2         1000         5.56         0.36
            4         1000         5.55         0.72
            8         1000         5.53         1.45
           16         1000         5.53         2.89
           32         1000         5.55         5.77
           64         1000         5.57        11.49
          128         1000         5.64        22.70
          256         1000         5.68        45.10
          512         1000         5.70        89.81
         1024         1000         6.33       161.76
         2048         1000         6.15       333.00
         4096         1000         7.13       574.24
         8192         1000         7.59      1079.02
        16384         1000         9.93      1650.56
        32768         1000        16.05      2040.99
        65536          640        30.58      2142.95
       131072          320        42.88      3056.67
       262144          160        61.90      4235.03
       524288           80        94.85      5527.41
      1048576           40       161.09      6509.43
      2097152           20       304.62      6884.46
      4194304           10       592.07      7084.17
       #bytes #repetitions      t[usec]   Mbytes/sec
            0         1000         5.15         0.00
            1         1000         5.23         0.19
            2         1000         5.23         0.38
            4         1000         5.23         0.76
            8         1000         5.23         1.53
           16         1000         5.22         3.06
           32         1000         5.22         6.13
           64         1000         5.25        12.19
          128         1000         5.28        24.23
          256         1000         5.33        48.00
          512         1000         5.38        95.25
         1024         1000         5.93       172.55
         2048         1000         5.78       354.60
         4096         1000         6.69       612.13
         8192         1000         7.10      1153.86
        16384         1000         9.36      1749.78
        32768         1000        14.93      2194.66
        65536          640        29.20      2244.75
       131072          320        41.28      3175.24
       262144          160        60.26      4350.55
       524288           80        93.57      5603.17
      1048576           40       156.32      6707.96
      2097152           20       299.17      7009.94
      4194304           10       589.80      7111.40
       #bytes #repetitions      t[usec]   Mbytes/sec
            0         1000         5.25         0.00
            1         1000         5.34         0.19
            2         1000         5.35         0.37
            4         1000         5.33         0.75
            8         1000         5.36         1.49
           16         1000         5.34         3.00
           32         1000         5.37         5.96
           64         1000         5.38        11.89
          128         1000         5.42        23.63
          256         1000         5.44        47.03
          512         1000         5.49        93.28
         1024         1000         6.10       167.96
         2048         1000         5.86       349.70
         4096         1000         6.79       603.53
         8192         1000         7.16      1144.16
        16384         1000         9.35      1752.93
        32768         1000        15.20      2156.14
        65536          640        29.21      2244.00
       131072          320        41.01      3195.74
       262144          160        59.14      4432.29
       524288           80        91.92      5703.46
      1048576           40       157.35      6664.04
      2097152           20       297.81      7041.83
      4194304           10       598.63      7006.48
       #bytes #repetitions      t[usec]   Mbytes/sec
            0         1000         5.39         0.00
            1         1000         5.49         0.18
            2         1000         5.48         0.37
            4         1000         5.48         0.73
            8         1000         5.47         1.46
           16         1000         5.49         2.91
           32         1000         5.48         5.84
           64         1000         5.48        11.68
          128         1000         5.54        23.10
          256         1000         5.63        45.45
          512         1000         5.65        90.69
         1024         1000         6.30       162.43
         2048         1000         6.08       336.91
         4096         1000         7.09       577.31
         8192         1000         7.47      1096.96
        16384         1000         9.76      1678.45
        32768         1000        15.76      2078.86
        65536          640        30.59      2142.31
       131072          320        43.56      3009.08
       262144          160        61.71      4248.09
       524288           80        94.86      5527.11
      1048576           40       162.07      6469.92
      2097152           20       297.18      7056.75
      4194304           10       620.56      6758.87
       #bytes #repetitions      t[usec]   Mbytes/sec
            0         1000         5.39         0.00
            1         1000         5.47         0.18
            2         1000         5.58         0.36
            4         1000         5.46         0.73
            8         1000         5.49         1.46
           16         1000         5.50         2.91
           32         1000         5.47         5.85
           64         1000         5.48        11.68
          128         1000         5.56        23.01
          256         1000         5.60        45.68
          512         1000         5.68        90.21
         1024         1000         6.30       162.52
         2048         1000         6.08       336.93
         4096         1000         7.07       579.17
         8192         1000         7.50      1092.81
        16384         1000         9.74      1682.04
        32768         1000        15.83      2070.31
        65536          640        30.38      2157.01
       131072          320        43.36      3023.08
       262144          160        62.09      4221.79
       524288           80        95.12      5511.62
      1048576           40       161.43      6495.58
      2097152           20       305.62      6861.89
      4194304           10       590.73      7100.20
       #bytes #repetitions      t[usec]   Mbytes/sec
            0         1000         5.33         0.00
            1         1000         5.41         0.18
            2         1000         5.41         0.37
            4         1000         5.43         0.74
            8         1000         5.42         1.48
           16         1000         5.41         2.96
           32         1000         5.40         5.92
           64         1000         5.45        11.74
          128         1000         5.52        23.21
          256         1000         5.55        46.12
          512         1000         5.64        90.80
         1024         1000         6.28       163.02
         2048         1000         6.07       337.38
         4096         1000         7.12       575.46
         8192         1000         7.36      1112.77
        16384         1000         9.64      1698.86
        32768         1000        15.45      2121.38
        65536          640        30.31      2162.47
       131072          320        43.37      3022.10
       262144          160        61.66      4251.71
       524288           80        94.80      5530.46
      1048576           40       161.40      6496.72
      2097152           20       304.36      6890.27
      4194304           10       585.59      7162.53
       #bytes #repetitions      t[usec]   Mbytes/sec
            0         1000         5.33         0.00
            1         1000         5.41         0.18
            2         1000         5.43         0.37
            4         1000         5.40         0.74
            8         1000         5.42         1.47
           16         1000         5.39         2.97
           32         1000         5.43         5.90
           64         1000         5.42        11.80
          128         1000         5.52        23.21
          256         1000         5.54        46.22
          512         1000         5.61        91.28
         1024         1000         6.31       162.29
         2048         1000         6.05       338.51
         4096         1000         7.12       575.47
         8192         1000         7.41      1106.01
        16384         1000         9.73      1683.96
        32768         1000        15.42      2124.74
        65536          640        30.47      2150.62
       131072          320        43.44      3017.37
       262144          160        61.52      4260.98
       524288           80        95.05      5515.99
      1048576           40       161.50      6492.80
      2097152           20       305.86      6856.57
      4194304           10       592.31      7081.21
       #bytes #repetitions      t[usec]   Mbytes/sec
            0         1000         5.21         0.00
            1         1000         5.29         0.19
            2         1000         5.28         0.38
            4         1000         5.29         0.76
            8         1000         5.29         1.51
           16         1000         5.29         3.02
           32         1000         5.31         6.03
           64         1000         5.31        12.05
          128         1000         5.35        23.93
          256         1000         5.37        47.64
          512         1000         5.41        94.69
         1024         1000         6.00       170.75
         2048         1000         5.80       353.30
         4096         1000         6.77       605.36
         8192         1000         7.13      1148.51
        16384         1000         9.27      1767.36
        32768         1000        15.13      2166.20
        65536          640        29.22      2242.56
       131072          320        41.14      3186.12
       262144          160        59.42      4411.81
       524288           80        92.05      5695.81
      1048576           40       157.00      6678.91
      2097152           20       298.24      7031.85
      4194304           10       591.57      7090.12
