       #bytes #repetitions      t[usec]   Mbytes/sec
            0         1000         8.11         0.00
            1         1000         8.23         0.12
            2         1000         8.22         0.24
            4         1000         8.17         0.49
            8         1000         8.15         0.98
           16         1000         8.20         1.95
           32         1000         8.20         3.90
           64         1000         8.18         7.82
          128         1000         8.57        14.93
          256         1000         8.59        29.79
          512         1000         8.63        59.34
         1024         1000         9.80       104.46
         2048         1000         9.19       222.92
         4096         1000        11.06       370.49
         8192         1000        11.76       696.37
        16384         1000        15.96      1026.46
        32768         1000        26.16      1252.64
        65536          640        57.54      1139.03
       131072          320        81.34      1611.38
       262144          160       123.68      2119.49
       524288           80       197.07      2660.42
      1048576           40       328.76      3189.50
      2097152           20       626.96      3344.94
      4194304           10      1234.43      3397.78
       #bytes #repetitions      t[usec]   Mbytes/sec
            0         1000         8.34         0.00
            1         1000         8.43         0.12
            2         1000         8.47         0.24
            4         1000         8.41         0.48
            8         1000         8.43         0.95
           16         1000         8.43         1.90
           32         1000         8.47         3.78
           64         1000         8.48         7.54
          128         1000         8.76        14.61
          256         1000         8.81        29.07
          512         1000         8.88        57.65
         1024         1000        10.04       102.03
         2048         1000         9.49       215.76
         4096         1000        11.39       359.52
         8192         1000        12.05       679.78
        16384         1000        16.32      1003.63
        32768         1000        26.52      1235.57
        65536          640        59.13      1108.33
       131072          320        83.00      1579.21
       262144          160       126.09      2079.06
       524288           80       198.71      2638.52
      1048576           40       328.70      3190.02
      2097152           20       621.01      3377.03
      4194304           10      1237.64      3388.96
       #bytes #repetitions      t[usec]   Mbytes/sec
            0         1000         8.23         0.00
            1         1000         8.39         0.12
            2         1000         8.36         0.24
            4         1000         8.37         0.48
            8         1000         8.38         0.95
           16         1000         8.37         1.91
           32         1000         8.34         3.84
           64         1000         8.37         7.64
          128         1000         8.64        14.82
          256         1000         8.69        29.47
          512         1000         8.78        58.34
         1024         1000        10.15       100.91
         2048         1000         9.42       217.44
         4096         1000        11.50       356.02
         8192         1000        11.87       690.41
        16384         1000        16.25      1007.96
        32768         1000        26.56      1233.62
        65536          640        58.64      1117.60
       131072          320        82.80      1583.07
       262144          160       124.64      2103.24
       524288           80       196.97      2661.76
      1048576           40       327.14      3205.31
      2097152           20       622.49      3368.96
      4194304           10      1235.51      3394.81
       #bytes #repetitions      t[usec]   Mbytes/sec
            0         1000         8.39         0.00
            1         1000         8.46         0.12
            2         1000         8.45         0.24
            4         1000         8.45         0.47
            8         1000         8.44         0.95
           16         1000         8.49         1.88
           32         1000         8.48         3.77
           64         1000         8.49         7.54
          128         1000         8.79        14.56
          256         1000         8.82        29.04
          512         1000         8.93        57.35
         1024         1000        10.15       100.91
         2048         1000         9.54       214.59
         4096         1000        11.41       358.92
         8192         1000        12.03       680.81
        16384         1000        16.25      1008.14
        32768         1000        26.58      1232.85
        65536          640        58.71      1116.34
       131072          320        83.44      1570.94
       262144          160       126.34      2074.85
       524288           80       198.41      2642.48
      1048576           40       327.01      3206.54
      2097152           20       620.28      3380.97
      4194304           10      1237.28      3389.94
       #bytes #repetitions      t[usec]   Mbytes/sec
            0         1000         8.25         0.00
            1         1000         8.31         0.12
            2         1000         8.33         0.24
            4         1000         8.37         0.48
            8         1000         8.32         0.96
           16         1000         8.32         1.92
           32         1000         8.30         3.85
           64         1000         8.32         7.70
          128         1000         8.66        14.79
          256         1000         8.68        29.48
          512         1000         8.78        58.31
         1024         1000        10.10       101.40
         2048         1000         9.33       219.45
         4096         1000        11.43       358.23
         8192         1000        11.88       689.41
        16384         1000        16.19      1012.13
        32768         1000        26.83      1221.41
        65536          640        58.53      1119.75
       131072          320        82.07      1597.05
       262144          160       124.50      2105.61
       524288           80       197.72      2651.71
      1048576           40       325.85      3217.97
      2097152           20       619.27      3386.48
      4194304           10      1232.10      3404.19
       #bytes #repetitions      t[usec]   Mbytes/sec
            0         1000         8.26         0.00
            1         1000         8.31         0.12
            2         1000         8.31         0.24
            4         1000         8.35         0.48
            8         1000         8.36         0.96
           16         1000         8.35         1.92
           32         1000         8.31         3.85
           64         1000         8.34         7.68
          128         1000         8.72        14.68
          256         1000         8.76        29.21
          512         1000         8.82        58.06
         1024         1000         9.78       104.66
         2048         1000         9.37       218.64
         4096         1000        11.08       369.63
         8192         1000        12.00       682.60
        16384         1000        15.95      1027.37
        32768         1000        26.44      1239.30
        65536          640        58.29      1124.32
       131072          320        82.07      1597.04
       262144          160       125.12      2095.10
       524288           80       197.81      2650.51
      1048576           40       327.22      3204.49
      2097152           20       620.19      3381.49
      4194304           10      1231.95      3404.60
       #bytes #repetitions      t[usec]   Mbytes/sec
            0         1000         8.27         0.00
            1         1000         8.34         0.12
            2         1000         8.33         0.24
            4         1000         8.31         0.48
            8         1000         8.33         0.96
           16         1000         8.35         1.92
           32         1000         8.31         3.85
           64         1000         8.34         7.67
          128         1000         8.66        14.79
          256         1000         8.66        29.57
          512         1000         8.77        58.39
         1024         1000        10.18       100.55
         2048         1000         9.38       218.24
         4096         1000        11.52       355.66
         8192         1000        11.88       689.44
        16384         1000        16.43       997.09
        32768         1000        26.64      1230.18
        65536          640        59.85      1095.00
       131072          320        83.88      1562.57
       262144          160       125.96      2081.21
       524288           80       199.49      2628.20
      1048576           40       328.19      3194.98
      2097152           20       622.79      3367.35
      4194304           10      1238.45      3386.73
       #bytes #repetitions      t[usec]   Mbytes/sec
            0         1000         8.42         0.00
            1         1000         8.53         0.12
            2         1000         8.51         0.23
            4         1000         8.49         0.47
            8         1000         8.43         0.95
           16         1000         8.54         1.87
           32         1000         8.51         3.76
           64         1000         8.56         7.47
          128         1000         8.89        14.40
          256         1000         8.91        28.72
          512         1000         9.01        56.81
         1024         1000        10.09       101.45
         2048         1000         9.59       213.44
         4096         1000        11.36       360.48
         8192         1000        11.94       686.36
        16384         1000        16.11      1016.88
        32768         1000        26.17      1252.06
        65536          640        57.71      1135.61
       131072          320        80.24      1633.42
       262144          160       123.62      2120.64
       524288           80       196.11      2673.44
      1048576           40       325.43      3222.17
      2097152           20       617.83      3394.39
      4194304           10      1236.27      3392.71
       #bytes #repetitions      t[usec]   Mbytes/sec
            0         1000         8.33         0.00
            1         1000         8.40         0.12
            2         1000         8.41         0.24
            4         1000         8.41         0.48
            8         1000         8.40         0.95
           16         1000         8.45         1.89
           32         1000         8.43         3.80
           64         1000         8.45         7.57
          128         1000         8.76        14.62
          256         1000         8.81        29.05
          512         1000         8.87        57.72
         1024         1000         9.88       103.67
         2048         1000         9.42       217.37
         4096         1000        11.12       368.39
         8192         1000        11.79       694.70
        16384         1000        15.94      1028.11
        32768         1000        25.87      1266.89
        65536          640        57.84      1133.10
       131072          320        80.44      1629.35
       262144          160       123.32      2125.69
       524288           80       196.22      2671.89
      1048576           40       325.85      3217.96
      2097152           20       623.91      3361.32
      4194304           10      1240.75      3380.46
       #bytes #repetitions      t[usec]   Mbytes/sec
            0         1000         8.67         0.00
            1         1000         8.73         0.11
            2         1000         8.74         0.23
            4         1000         8.71         0.46
            8         1000         8.74         0.92
           16         1000         8.73         1.83
           32         1000         8.69         3.68
           64         1000         8.73         7.33
          128         1000         9.08        14.10
          256         1000         9.12        28.07
          512         1000         9.24        55.42
         1024         1000        10.12       101.20
         2048         1000         9.85       208.02
         4096         1000        11.45       357.67
         8192         1000        12.33       664.56
        16384         1000        16.34      1002.83
        32768         1000        26.56      1233.81
        65536          640        58.89      1112.87
       131072          320        82.61      1586.69
       262144          160       126.00      2080.43
       524288           80       200.00      2621.46
      1048576           40       328.97      3187.45
      2097152           20       623.74      3362.20
      4194304           10      1238.66      3386.16
