       #bytes #repetitions      t[usec]   Mbytes/sec
            0         1000        16.36         0.00
            1         1000        16.49         0.06
            2         1000        16.65         0.12
            4         1000        16.64         0.24
            8         1000        16.52         0.48
           16         1000        16.76         0.95
           32         1000        16.82         1.90
           64         1000        17.06         3.75
          128         1000        17.60         7.27
          256         1000        17.52        14.62
          512         1000        17.98        28.48
         1024         1000        18.43        55.56
         2048         1000        39.92        51.30
         4096         1000        40.28       101.69
         8192         1000        41.69       196.50
        16384         1000        44.05       371.90
        32768         1000        53.04       617.78
        65536          640        63.43      1033.13
       131072          320       129.68      1010.77
       262144          160       171.91      1524.88
       524288           80       273.33      1918.18
      1048576           40       469.08      2235.37
      2097152           20       919.61      2280.49
      4194304           10      1866.71      2246.89
       #bytes #repetitions      t[usec]   Mbytes/sec
            0         1000        16.85         0.00
            1         1000        16.94         0.06
            2         1000        17.14         0.12
            4         1000        17.07         0.23
            8         1000        17.10         0.47
           16         1000        17.11         0.94
           32         1000        17.31         1.85
           64         1000        17.58         3.64
          128         1000        17.82         7.18
          256         1000        17.80        14.38
          512         1000        18.53        27.63
         1024         1000        18.63        54.97
         2048         1000        40.24        50.89
         4096         1000        40.77       100.46
         8192         1000        42.01       195.01
        16384         1000        44.61       367.26
        32768         1000        56.78       577.08
        65536          640        63.69      1028.97
       131072          320       129.86      1009.34
       262144          160       190.12      1378.80
       524288           80       296.82      1766.35
      1048576           40       479.17      2188.30
      2097152           20       879.45      2384.61
      4194304           10      1757.33      2386.75
       #bytes #repetitions      t[usec]   Mbytes/sec
            0         1000        15.97         0.00
            1         1000        16.00         0.06
            2         1000        16.34         0.12
            4         1000        16.35         0.24
            8         1000        16.34         0.49
           16         1000        16.48         0.97
           32         1000        16.57         1.93
           64         1000        16.78         3.81
          128         1000        17.21         7.44
          256         1000        17.11        14.96
          512         1000        17.68        28.96
         1024         1000        17.97        56.97
         2048         1000        39.50        51.85
         4096         1000        40.06       102.25
         8192         1000        40.67       201.45
        16384         1000        42.62       384.40
        32768         1000        49.55       661.25
        65536          640        64.42      1017.30
       131072          320       114.77      1142.00
       262144          160       150.27      1744.53
       524288           80       222.77      2353.52
      1048576           40       352.66      2973.36
      2097152           20       656.38      3195.01
      4194304           10      1301.54      3222.57
       #bytes #repetitions      t[usec]   Mbytes/sec
            0         1000        15.68         0.00
            1         1000        15.72         0.06
            2         1000        15.71         0.13
            4         1000        15.71         0.25
            8         1000        15.71         0.51
           16         1000        15.67         1.02
           32         1000        15.65         2.04
           64         1000        15.70         4.08
          128         1000        16.52         7.75
          256         1000        16.49        15.53
          512         1000        16.53        30.98
         1024         1000        17.26        59.32
         2048         1000        38.51        53.18
         4096         1000        39.06       104.86
         8192         1000        40.02       204.70
        16384         1000        42.05       389.68
        32768         1000        47.86       684.67
        65536          640        64.01      1023.82
       131072          320       115.23      1137.51
       262144          160       176.13      1488.37
       524288           80       264.74      1980.42
      1048576           40       433.16      2420.75
      2097152           20       807.77      2596.24
      4194304           10      1648.16      2544.83
       #bytes #repetitions      t[usec]   Mbytes/sec
            0         1000        16.74         0.00
            1         1000        16.78         0.06
            2         1000        16.85         0.12
            4         1000        16.89         0.24
            8         1000        16.92         0.47
           16         1000        16.95         0.94
           32         1000        17.07         1.87
           64         1000        17.23         3.72
          128         1000        17.59         7.28
          256         1000        17.62        14.53
          512         1000        18.09        28.30
         1024         1000        18.39        55.69
         2048         1000        40.00        51.20
         4096         1000        40.45       101.25
         8192         1000        41.71       196.41
        16384         1000        43.86       373.58
        32768         1000        53.73       609.87
        65536          640        64.93      1009.32
       131072          320       122.54      1069.59
       262144          160       155.78      1682.76
       524288           80       228.96      2289.87
      1048576           40       375.23      2794.52
      2097152           20       688.27      3046.98
      4194304           10      1348.65      3110.00
       #bytes #repetitions      t[usec]   Mbytes/sec
            0         1000        16.09         0.00
            1         1000        16.17         0.06
            2         1000        16.19         0.12
            4         1000        16.17         0.25
            8         1000        16.22         0.49
           16         1000        16.21         0.99
           32         1000        16.28         1.97
           64         1000        16.29         3.93
          128         1000        16.88         7.58
          256         1000        16.91        15.14
          512         1000        17.32        29.56
         1024         1000        17.73        57.76
         2048         1000        39.11        52.36
         4096         1000        39.60       103.43
         8192         1000        40.81       200.74
        16384         1000        43.06       380.50
        32768         1000        52.28       626.74
        65536          640        63.59      1030.56
       131072          320       118.60      1105.18
       262144          160       167.61      1564.03
       524288           80       247.23      2120.69
      1048576           40       412.62      2541.25
      2097152           20       738.38      2840.22
      4194304           10      1504.85      2787.19
       #bytes #repetitions      t[usec]   Mbytes/sec
            0         1000        17.12         0.00
            1         1000        17.29         0.06
            2         1000        17.28         0.12
            4         1000        17.09         0.23
            8         1000        16.57         0.48
           16         1000        16.67         0.96
           32         1000        16.65         1.92
           64         1000        16.85         3.80
          128         1000        17.49         7.32
          256         1000        17.38        14.73
          512         1000        17.91        28.58
         1024         1000        18.45        55.50
         2048         1000        40.05        51.14
         4096         1000        40.48       101.18
         8192         1000        41.90       195.52
        16384         1000        44.37       369.29
        32768         1000        57.28       572.03
        65536          640        61.19      1071.10
       131072          320       117.35      1116.93
       262144          160       169.98      1542.25
       524288           80       259.61      2019.53
      1048576           40       414.94      2527.03
      2097152           20       766.34      2736.57
      4194304           10      1532.44      2737.02
       #bytes #repetitions      t[usec]   Mbytes/sec
            0         1000        15.78         0.00
            1         1000        15.86         0.06
            2         1000        15.86         0.13
            4         1000        15.83         0.25
            8         1000        15.86         0.50
           16         1000        15.99         1.00
           32         1000        16.06         1.99
           64         1000        16.37         3.91
          128         1000        16.92         7.56
          256         1000        16.72        15.31
          512         1000        16.85        30.38
         1024         1000        17.52        58.46
         2048         1000        39.16        52.30
         4096         1000        39.47       103.76
         8192         1000        40.85       200.54
        16384         1000        43.04       380.65
        32768         1000        49.85       657.28
        65536          640        63.45      1032.86
       131072          320       120.64      1086.44
       262144          160       180.15      1455.11
       524288           80       275.18      1905.25
      1048576           40       442.22      2371.18
      2097152           20       802.63      2612.85
      4194304           10      1648.04      2545.03
       #bytes #repetitions      t[usec]   Mbytes/sec
            0         1000        15.69         0.00
            1         1000        15.74         0.06
            2         1000        15.78         0.13
            4         1000        15.80         0.25
            8         1000        15.76         0.51
           16         1000        15.79         1.01
           32         1000        15.78         2.03
           64         1000        15.79         4.05
          128         1000        16.16         7.92
          256         1000        16.46        15.55
          512         1000        16.64        30.76
         1024         1000        17.16        59.67
         2048         1000        38.55        53.12
         4096         1000        39.05       104.90
         8192         1000        39.96       205.00
        16384         1000        41.83       391.73
        32768         1000        48.02       682.33
        65536          640        64.94      1009.11
       131072          320       111.80      1172.34
       262144          160       161.29      1625.26
       524288           80       236.20      2219.66
      1048576           40       381.51      2748.48
      2097152           20       700.32      2994.56
      4194304           10      1428.90      2935.35
       #bytes #repetitions      t[usec]   Mbytes/sec
            0         1000        16.25         0.00
            1         1000        16.22         0.06
            2         1000        16.24         0.12
            4         1000        16.29         0.25
            8         1000        16.27         0.49
           16         1000        16.18         0.99
           32         1000        16.28         1.97
           64         1000        16.51         3.88
          128         1000        17.42         7.35
          256         1000        17.40        14.71
          512         1000        17.33        29.54
         1024         1000        18.10        56.57
         2048         1000        39.21        52.23
         4096         1000        39.67       103.25
         8192         1000        41.16       199.03
        16384         1000        43.51       376.59
        32768         1000        54.57       600.43
        65536          640        63.96      1024.67
       131072          320       120.29      1089.65
       262144          160       168.58      1554.99
       524288           80       245.99      2131.31
      1048576           40       404.75      2590.68
      2097152           20       750.75      2793.43
      4194304           10      1509.11      2779.33
