       #bytes #repetitions      t[usec]   Mbytes/sec
            0         1000         0.54         0.00
            1         1000         0.62         1.62
            2         1000         0.63         3.18
            4         1000         0.62         6.48
            8         1000         0.62        12.92
           16         1000         0.66        24.07
           32         1000         0.74        43.09
           64         1000         0.90        71.26
          128         1000         1.05       122.16
          256         1000         1.25       205.47
          512         1000         1.28       400.84
         1024         1000         1.49       687.11
         2048         1000         1.78      1148.40
         4096         1000         2.84      1440.31
         8192         1000         3.25      2520.17
        16384         1000         3.59      4565.64
        32768         1000         5.19      6318.78
        65536          640         6.50     10086.64
       131072          320        11.53     11369.31
       262144          160        19.32     13570.58
       524288           80        39.35     13322.58
      1048576           40        90.69     11562.82
      2097152           20       221.30      9476.66
      4194304           10       404.98     10356.75
       #bytes #repetitions      t[usec]   Mbytes/sec
            0         1000         0.53         0.00
            1         1000         0.62         1.62
            2         1000         0.62         3.23
            4         1000         0.62         6.50
            8         1000         0.61        13.03
           16         1000         0.67        24.06
           32         1000         0.73        43.62
           64         1000         0.81        79.00
          128         1000         1.06       120.54
          256         1000         1.20       212.64
          512         1000         1.07       478.91
         1024         1000         1.48       693.66
         2048         1000         1.73      1184.42
         4096         1000         2.83      1445.55
         8192         1000         3.16      2588.89
        16384         1000         3.58      4576.57
        32768         1000         5.24      6254.26
        65536          640         6.38     10278.61
       131072          320        11.48     11417.09
       262144          160        19.54     13412.87
       524288           80        38.75     13529.27
      1048576           40        91.46     11464.69
      2097152           20       220.98      9490.26
      4194304           10       403.98     10382.42
       #bytes #repetitions      t[usec]   Mbytes/sec
            0         1000         0.53         0.00
            1         1000         0.61         1.63
            2         1000         0.61         3.27
            4         1000         0.63         6.39
            8         1000         0.61        13.14
           16         1000         0.65        24.69
           32         1000         0.62        51.59
           64         1000         0.87        73.34
          128         1000         1.03       123.98
          256         1000         1.15       223.30
          512         1000         1.18       433.95
         1024         1000         1.42       720.34
         2048         1000         1.66      1230.25
         4096         1000         2.82      1451.57
         8192         1000         3.19      2567.99
        16384         1000         3.60      4550.37
        32768         1000         4.54      7224.20
        65536          640         6.16     10635.65
       131072          320        10.53     12447.85
       262144          160        18.52     14155.11
       524288           80        37.46     13995.90
      1048576           40        89.29     11742.91
      2097152           20       214.18      9791.61
      4194304           10       404.30     10374.17
       #bytes #repetitions      t[usec]   Mbytes/sec
            0         1000         0.53         0.00
            1         1000         0.61         1.63
            2         1000         0.61         3.30
            4         1000         0.61         6.60
            8         1000         0.61        13.09
           16         1000         0.64        25.08
           32         1000         0.69        46.12
           64         1000         0.79        80.54
          128         1000         1.04       122.64
          256         1000         1.20       213.85
          512         1000         1.08       472.78
         1024         1000         1.42       720.92
         2048         1000         1.77      1159.08
         4096         1000         2.73      1501.41
         8192         1000         3.36      2439.67
        16384         1000         3.53      4644.21
        32768         1000         5.06      6481.29
        65536          640         6.26     10463.87
       131072          320        11.22     11686.09
       262144          160        19.46     13474.04
       524288           80        38.92     13471.57
      1048576           40        90.74     11555.26
      2097152           20       208.32     10066.94
      4194304           10       404.30     10374.23
       #bytes #repetitions      t[usec]   Mbytes/sec
            0         1000         0.53         0.00
            1         1000         0.62         1.62
            2         1000         0.62         3.22
            4         1000         0.63         6.36
            8         1000         0.62        12.85
           16         1000         0.66        24.11
           32         1000         0.70        45.99
           64         1000         0.78        81.58
          128         1000         0.88       145.04
          256         1000         1.19       214.37
          512         1000         1.06       482.05
         1024         1000         1.36       751.40
         2048         1000         1.59      1286.49
         4096         1000         2.66      1540.70
         8192         1000         3.28      2494.72
        16384         1000         3.51      4670.11
        32768         1000         4.86      6738.03
        65536          640         6.16     10631.02
       131072          320        11.37     11523.87
       262144          160        19.55     13407.48
       524288           80        38.79     13516.89
      1048576           40        92.12     11382.30
      2097152           20       209.94      9989.13
      4194304           10       404.14     10378.39
       #bytes #repetitions      t[usec]   Mbytes/sec
            0         1000         0.54         0.00
            1         1000         0.62         1.62
            2         1000         0.63         3.19
            4         1000         0.63         6.35
            8         1000         0.62        12.93
           16         1000         0.67        23.88
           32         1000         0.70        45.89
           64         1000         0.83        77.19
          128         1000         1.11       115.09
          256         1000         1.21       211.91
          512         1000         1.04       490.10
         1024         1000         1.41       725.21
         2048         1000         1.62      1261.62
         4096         1000         2.81      1455.18
         8192         1000         3.41      2404.57
        16384         1000         3.63      4516.07
        32768         1000         5.06      6469.62
        65536          640         6.22     10529.16
       131072          320        11.43     11470.36
       262144          160        19.69     13311.89
       524288           80        39.80     13172.63
      1048576           40        91.08     11513.30
      2097152           20       220.74      9500.56
      4194304           10       405.61     10340.76
       #bytes #repetitions      t[usec]   Mbytes/sec
            0         1000         0.53         0.00
            1         1000         0.61         1.63
            2         1000         0.61         3.27
            4         1000         0.61         6.57
            8         1000         0.61        13.06
           16         1000         0.62        25.80
           32         1000         0.67        47.75
           64         1000         0.75        85.16
          128         1000         0.89       144.30
          256         1000         1.13       227.44
          512         1000         1.08       475.69
         1024         1000         1.40       730.44
         2048         1000         1.73      1187.22
         4096         1000         2.62      1562.01
         8192         1000         3.20      2562.46
        16384         1000         3.41      4798.17
        32768         1000         5.15      6362.18
        65536          640         6.20     10574.79
       131072          320        11.04     11867.53
       262144          160        19.21     13644.67
       524288           80        37.32     14049.36
      1048576           40        87.88     11931.44
      2097152           20       215.46      9733.58
      4194304           10       404.41     10371.53
       #bytes #repetitions      t[usec]   Mbytes/sec
            0         1000         0.53         0.00
            1         1000         0.59         1.69
            2         1000         0.60         3.31
            4         1000         0.59         6.78
            8         1000         0.59        13.57
           16         1000         0.68        23.38
           32         1000         0.67        47.85
           64         1000         0.83        76.93
          128         1000         1.06       121.03
          256         1000         1.18       216.04
          512         1000         1.10       467.52
         1024         1000         1.55       662.50
         2048         1000         1.89      1085.21
         4096         1000         2.79      1467.38
         8192         1000         3.31      2476.15
        16384         1000         3.59      4567.36
        32768         1000         4.84      6768.04
        65536          640         6.16     10639.72
       131072          320        11.41     11489.50
       262144          160        19.04     13766.33
       524288           80        39.14     13396.32
      1048576           40        91.97     11400.83
      2097152           20       221.05      9487.42
      4194304           10       403.85     10385.85
       #bytes #repetitions      t[usec]   Mbytes/sec
            0         1000         0.53         0.00
            1         1000         0.60         1.67
            2         1000         0.61         3.26
            4         1000         0.60         6.64
            8         1000         0.60        13.42
           16         1000         0.65        24.60
           32         1000         0.65        49.36
           64         1000         0.78        81.84
          128         1000         1.04       123.51
          256         1000         1.18       216.95
          512         1000         1.07       477.54
         1024         1000         1.39       736.63
         2048         1000         1.64      1247.52
         4096         1000         2.68      1529.19
         8192         1000         3.40      2406.04
        16384         1000         3.51      4670.54
        32768         1000         4.91      6678.58
        65536          640         6.14     10672.53
       131072          320        11.41     11482.46
       262144          160        19.66     13335.09
       524288           80        38.86     13492.11
      1048576           40        91.04     11517.83
      2097152           20       220.70      9502.34
      4194304           10       404.48     10369.72
       #bytes #repetitions      t[usec]   Mbytes/sec
            0         1000         0.53         0.00
            1         1000         0.61         1.65
            2         1000         0.61         3.31
            4         1000         0.61         6.60
            8         1000         0.61        13.11
           16         1000         0.60        26.89
           32         1000         0.67        48.03
           64         1000         0.79        80.89
          128         1000         1.03       124.83
          256         1000         1.17       217.97
          512         1000         1.27       402.61
         1024         1000         1.35       756.93
         2048         1000         1.79      1144.21
         4096         1000         2.81      1458.80
         8192         1000         3.08      2655.47
        16384         1000         3.57      4585.91
        32768         1000         4.40      7448.74
        65536          640         6.10     10747.56
       131072          320         8.87     14772.65
       262144          160        17.27     15180.53
       524288           80        35.43     14796.89
      1048576           40        89.74     11684.64
      2097152           20       214.07      9796.40
      4194304           10       408.82     10259.47
