       #bytes #repetitions      t[usec]   Mbytes/sec
            0         1000         0.40         0.00
            1         1000         0.40         2.52
            2         1000         0.40         5.01
            4         1000         0.40        10.00
            8         1000         0.40        20.14
           16         1000         0.40        39.86
           32         1000         0.58        54.89
           64         1000         0.58       110.04
          128         1000         0.87       146.40
          256         1000         0.94       272.85
          512         1000         1.14       447.60
         1024         1000         1.32       773.36
         2048         1000         2.09       978.22
         4096         1000         2.99      1369.88
         8192         1000         4.81      1702.44
        16384         1000         7.24      2261.97
        32768         1000        12.98      2525.33
        65536          640        24.25      2702.03
       131072          320        45.94      2853.07
       262144          160        13.18     19884.47
       524288           80        22.90     22897.72
      1048576           40        52.19     20090.19
      2097152           20       147.37     14230.71
      4194304           10       307.68     13631.90
       #bytes #repetitions      t[usec]   Mbytes/sec
            0         1000         0.39         0.00
            1         1000         0.40         2.53
            2         1000         0.40         5.05
            4         1000         0.39        10.15
            8         1000         0.40        20.09
           16         1000         0.40        40.34
           32         1000         0.56        56.89
           64         1000         0.56       114.36
          128         1000         0.90       142.83
          256         1000         0.95       270.11
          512         1000         1.11       461.65
         1024         1000         1.32       776.04
         2048         1000         2.13       963.57
         4096         1000         3.09      1325.76
         8192         1000         4.99      1641.08
        16384         1000         7.89      2075.80
        32768         1000        13.85      2366.17
        65536          640        25.87      2533.00
       131072          320        48.96      2677.02
       262144          160        14.15     18523.91
       524288           80        25.06     20923.05
      1048576           40        56.86     18442.26
      2097152           20       142.53     14714.27
      4194304           10       306.12     13701.68
       #bytes #repetitions      t[usec]   Mbytes/sec
            0         1000         0.47         0.00
            1         1000         0.40         2.50
            2         1000         0.40         5.04
            4         1000         0.41         9.82
            8         1000         0.40        19.99
           16         1000         0.40        40.23
           32         1000         0.57        56.30
           64         1000         0.55       115.42
          128         1000         0.88       144.67
          256         1000         0.94       271.07
          512         1000         1.15       443.86
         1024         1000         1.35       759.21
         2048         1000         2.10       974.84
         4096         1000         3.01      1360.70
         8192         1000         4.82      1698.00
        16384         1000         7.22      2267.98
        32768         1000        13.07      2507.20
        65536          640        24.09      2720.67
       131072          320        45.53      2878.89
       262144          160        13.26     19766.33
       524288           80        23.06     22735.94
      1048576           40        53.03     19773.71
      2097152           20       141.74     14796.23
      4194304           10       302.87     13848.54
       #bytes #repetitions      t[usec]   Mbytes/sec
            0         1000         0.42         0.00
            1         1000         0.40         2.49
            2         1000         0.40         4.98
            4         1000         0.40        10.03
            8         1000         0.40        19.87
           16         1000         0.40        39.92
           32         1000         0.57        56.00
           64         1000         0.56       113.28
          128         1000         0.89       144.36
          256         1000         0.95       268.79
          512         1000         1.15       445.47
         1024         1000         1.30       789.37
         2048         1000         2.11       972.35
         4096         1000         3.01      1359.00
         8192         1000         4.86      1685.12
        16384         1000         7.30      2244.89
        32768         1000        13.11      2499.37
        65536          640        24.69      2654.77
       131072          320        46.57      2814.43
       262144          160        13.24     19797.26
       524288           80        26.17     20037.03
      1048576           40        57.28     18307.08
      2097152           20       148.92     14082.53
      4194304           10       310.01     13529.79
       #bytes #repetitions      t[usec]   Mbytes/sec
            0         1000         0.41         0.00
            1         1000         0.39         2.53
            2         1000         0.39         5.07
            4         1000         0.40         9.98
            8         1000         0.40        20.14
           16         1000         0.40        40.33
           32         1000         0.56        56.77
           64         1000         0.55       115.96
          128         1000         0.89       143.97
          256         1000         0.94       271.23
          512         1000         1.11       462.69
         1024         1000         1.30       788.22
         2048         1000         2.09       979.67
         4096         1000         2.99      1371.03
         8192         1000         4.78      1713.78
        16384         1000         7.21      2272.71
        32768         1000        12.87      2545.93
        65536          640        23.64      2771.68
       131072          320        44.52      2944.21
       262144          160        13.19     19877.49
       524288           80        23.03     22763.68
      1048576           40        51.29     20442.34
      2097152           20       140.53     14923.68
      4194304           10       301.52     13910.72
       #bytes #repetitions      t[usec]   Mbytes/sec
            0         1000         0.41         0.00
            1         1000         0.40         2.51
            2         1000         0.40         4.94
            4         1000         0.40         9.98
            8         1000         0.40        20.06
           16         1000         0.42        38.50
           32         1000         0.57        56.62
           64         1000         0.57       113.06
          128         1000         0.92       139.25
          256         1000         0.95       268.50
          512         1000         1.14       447.99
         1024         1000         1.32       777.44
         2048         1000         2.09       979.67
         4096         1000         3.00      1367.01
         8192         1000         4.83      1696.51
        16384         1000         7.27      2255.11
        32768         1000        13.17      2487.91
        65536          640        24.60      2663.85
       131072          320        46.44      2822.54
       262144          160        13.28     19733.74
       524288           80        25.62     20462.78
      1048576           40        55.98     18732.11
      2097152           20       141.93     14775.45
      4194304           10       298.77     14038.36
       #bytes #repetitions      t[usec]   Mbytes/sec
            0         1000         0.41         0.00
            1         1000         0.40         2.48
            2         1000         0.40         5.03
            4         1000         0.40        10.04
            8         1000         0.40        20.19
           16         1000         0.41        39.05
           32         1000         0.57        55.74
           64         1000         0.57       112.38
          128         1000         0.89       144.44
          256         1000         0.92       278.29
          512         1000         1.13       452.56
         1024         1000         1.32       773.03
         2048         1000         2.10       973.33
         4096         1000         2.99      1370.69
         8192         1000         4.83      1697.34
        16384         1000         7.83      2091.80
        32768         1000        13.80      2375.09
        65536          640        25.53      2567.46
       131072          320        47.45      2762.13
       262144          160        14.35     18270.36
       524288           80        25.80     20319.44
      1048576           40        54.61     19200.17
      2097152           20       145.60     14403.21
      4194304           10       300.36     13964.27
       #bytes #repetitions      t[usec]   Mbytes/sec
            0         1000         0.40         0.00
            1         1000         0.40         2.48
            2         1000         0.40         4.94
            4         1000         0.40         9.89
            8         1000         0.40        19.94
           16         1000         0.42        38.22
           32         1000         0.56        56.65
           64         1000         0.56       113.82
          128         1000         0.90       141.71
          256         1000         0.93       276.04
          512         1000         1.11       461.64
         1024         1000         1.26       813.72
         2048         1000         2.10       974.51
         4096         1000         2.99      1370.37
         8192         1000         4.83      1695.30
        16384         1000         7.28      2250.65
        32768         1000        13.01      2519.63
        65536          640        24.50      2674.45
       131072          320        46.47      2820.71
       262144          160        13.23     19808.68
       524288           80        23.07     22730.76
      1048576           40        54.77     19146.01
      2097152           20       140.02     14977.30
      4194304           10       299.22     14017.62
       #bytes #repetitions      t[usec]   Mbytes/sec
            0         1000         0.41         0.00
            1         1000         0.40         2.52
            2         1000         0.40         5.05
            4         1000         0.40        10.06
            8         1000         0.41        19.62
           16         1000         0.40        39.59
           32         1000         0.56        57.52
           64         1000         0.56       115.18
          128         1000         0.91       140.25
          256         1000         0.95       270.88
          512         1000         1.11       462.77
         1024         1000         1.26       810.05
         2048         1000         2.10       977.46
         4096         1000         3.01      1362.29
         8192         1000         4.84      1691.85
        16384         1000         7.28      2250.54
        32768         1000        13.04      2511.95
        65536          640        24.43      2682.98
       131072          320        45.16      2902.14
       262144          160        14.65     17887.74
       524288           80        26.19     20020.71
      1048576           40        56.74     18479.90
      2097152           20       152.58     13744.41
      4194304           10       307.81     13626.28
       #bytes #repetitions      t[usec]   Mbytes/sec
            0         1000         0.40         0.00
            1         1000         0.40         2.50
            2         1000         0.40         5.04
            4         1000         0.40        10.04
            8         1000         0.40        20.14
           16         1000         0.40        40.18
           32         1000         0.57        56.37
           64         1000         0.57       113.18
          128         1000         0.91       141.23
          256         1000         0.96       267.69
          512         1000         1.15       446.65
         1024         1000         1.31       779.29
         2048         1000         2.09       979.07
         4096         1000         2.98      1372.99
         8192         1000         4.82      1700.09
        16384         1000         7.25      2259.60
        32768         1000        13.01      2518.30
        65536          640        24.48      2676.64
       131072          320        45.88      2856.95
       262144          160        13.16     19925.83
       524288           80        23.05     22745.47
      1048576           40        51.32     20431.07
      2097152           20       141.27     14844.55
      4194304           10       299.30     14013.66
