       #bytes #repetitions      t[usec]   Mbytes/sec
            0         1000         0.21         0.00
            1         1000         0.20         4.90
            2         1000         0.19        10.42
            4         1000         0.19        20.66
            8         1000         0.19        41.84
           16         1000         0.19        85.28
           32         1000         0.22       145.64
           64         1000         0.23       278.55
          128         1000         0.31       412.75
          256         1000         0.34       757.36
          512         1000         0.39      1322.42
         1024         1000         0.49      2104.94
         2048         1000         0.75      2734.84
         4096         1000         1.12      3659.98
         8192         1000         1.86      4408.82
        16384         1000         2.94      5564.78
        32768         1000         4.98      6582.47
        65536          640         8.50      7713.87
       131072          320        14.96      8761.66
       262144          160        13.85     18928.26
       524288           80        25.02     20957.77
      1048576           40        55.52     18884.76
      2097152           20       146.37     14327.26
      4194304           10       312.52     13420.97
       #bytes #repetitions      t[usec]   Mbytes/sec
            0         1000         0.20         0.00
            1         1000         0.20         4.98
            2         1000         0.19        10.60
            4         1000         0.19        20.91
            8         1000         0.20        39.86
           16         1000         0.19        84.89
           32         1000         0.22       144.11
           64         1000         0.22       289.42
          128         1000         0.30       421.25
          256         1000         0.33       774.75
          512         1000         0.37      1369.55
         1024         1000         0.48      2117.98
         2048         1000         0.75      2746.59
         4096         1000         1.11      3688.68
         8192         1000         1.85      4417.91
        16384         1000         2.93      5587.64
        32768         1000         4.70      6967.47
        65536          640         8.02      8168.58
       131072          320        14.94      8771.03
       262144          160        13.85     18925.05
       524288           80        25.02     20952.83
      1048576           40        54.91     19095.73
      2097152           20       139.37     15047.10
      4194304           10       310.12     13524.72
       #bytes #repetitions      t[usec]   Mbytes/sec
            0         1000         0.21         0.00
            1         1000         0.21         4.82
            2         1000         0.19        10.68
            4         1000         0.20        20.49
            8         1000         0.19        42.63
           16         1000         0.19        83.16
           32         1000         0.23       138.93
           64         1000         0.23       280.95
          128         1000         0.31       416.57
          256         1000         0.34       754.47
          512         1000         0.38      1356.42
         1024         1000         0.50      2044.93
         2048         1000         0.75      2721.32
         4096         1000         1.12      3659.12
         8192         1000         1.86      4400.13
        16384         1000         2.96      5537.18
        32768         1000         4.73      6932.60
        65536          640         8.05      8142.85
       131072          320        14.43      9080.23
       262144          160        12.63     20751.16
       524288           80        22.41     23398.51
      1048576           40        51.39     20402.63
      2097152           20       141.18     14854.19
      4194304           10       319.34     13134.21
       #bytes #repetitions      t[usec]   Mbytes/sec
            0         1000         0.20         0.00
            1         1000         0.20         4.94
            2         1000         0.19        10.26
            4         1000         0.19        20.53
            8         1000         0.20        40.69
           16         1000         0.18        86.63
           32         1000         0.23       140.84
           64         1000         0.22       286.90
          128         1000         0.32       404.12
          256         1000         0.34       761.39
          512         1000         0.38      1345.19
         1024         1000         0.49      2107.66
         2048         1000         0.75      2735.69
         4096         1000         1.12      3651.79
         8192         1000         1.86      4403.33
        16384         1000         2.95      5557.14
        32768         1000         4.74      6916.72
        65536          640         8.05      8143.23
       131072          320        14.50      9042.41
       262144          160        12.72     20614.86
       524288           80        22.42     23381.50
      1048576           40        51.15     20499.40
      2097152           20       140.59     14916.81
      4194304           10       314.16     13350.74
       #bytes #repetitions      t[usec]   Mbytes/sec
            0         1000         0.20         0.00
            1         1000         0.19         5.29
            2         1000         0.20        10.19
            4         1000         0.19        20.94
            8         1000         0.19        42.66
           16         1000         0.19        85.13
           32         1000         0.22       145.78
           64         1000         0.22       292.94
          128         1000         0.30       421.33
          256         1000         0.34       754.87
          512         1000         0.40      1289.67
         1024         1000         0.49      2074.83
         2048         1000         0.74      2751.84
         4096         1000         1.11      3674.77
         8192         1000         1.86      4416.01
        16384         1000         2.94      5567.60
        32768         1000         4.96      6604.27
        65536          640         8.48      7731.65
       131072          320        14.92      8786.68
       262144          160        13.88     18888.42
       524288           80        24.81     21135.63
      1048576           40        54.84     19118.99
      2097152           20       147.12     14254.60
      4194304           10       312.58     13418.43
       #bytes #repetitions      t[usec]   Mbytes/sec
            0         1000         0.20         0.00
            1         1000         0.21         4.87
            2         1000         0.20        10.04
            4         1000         0.20        20.09
            8         1000         0.19        42.84
           16         1000         0.19        86.19
           32         1000         0.22       144.87
           64         1000         0.22       291.17
          128         1000         0.31       416.51
          256         1000         0.33       765.39
          512         1000         0.37      1368.91
         1024         1000         0.49      2071.80
         2048         1000         0.74      2757.62
         4096         1000         1.11      3684.85
         8192         1000         1.88      4346.17
        16384         1000         3.01      5442.55
        32768         1000         4.75      6905.37
        65536          640         8.22      7972.26
       131072          320        14.61      8970.75
       262144          160        13.51     19402.63
       524288           80        26.49     19790.46
      1048576           40        56.41     18588.97
      2097152           20       146.89     14276.65
      4194304           10       310.81     13494.71
       #bytes #repetitions      t[usec]   Mbytes/sec
            0         1000         0.20         0.00
            1         1000         0.19         5.37
            2         1000         0.19        10.34
            4         1000         0.19        20.92
            8         1000         0.20        40.48
           16         1000         0.19        85.07
           32         1000         0.23       136.35
           64         1000         0.22       285.73
          128         1000         0.30       422.20
          256         1000         0.34       762.79
          512         1000         0.37      1393.49
         1024         1000         0.48      2112.42
         2048         1000         0.74      2752.84
         4096         1000         1.12      3673.24
         8192         1000         1.86      4413.96
        16384         1000         2.94      5564.13
        32768         1000         4.73      6925.10
        65536          640         8.05      8141.44
       131072          320        14.49      9046.01
       262144          160        12.65     20718.65
       524288           80        22.36     23443.21
      1048576           40        50.22     20879.93
      2097152           20       140.22     14956.25
      4194304           10       314.37     13341.77
       #bytes #repetitions      t[usec]   Mbytes/sec
            0         1000         0.21         0.00
            1         1000         0.19         5.30
            2         1000         0.19        10.69
            4         1000         0.20        19.85
            8         1000         0.19        41.21
           16         1000         0.19        85.14
           32         1000         0.22       143.14
           64         1000         0.22       285.51
          128         1000         0.30       425.93
          256         1000         0.34       763.24
          512         1000         0.36      1415.49
         1024         1000         0.49      2100.25
         2048         1000         0.75      2747.47
         4096         1000         1.12      3669.53
         8192         1000         1.88      4362.44
        16384         1000         3.17      5175.37
        32768         1000         5.00      6551.19
        65536          640         8.62      7605.36
       131072          320        15.09      8686.30
       262144          160        14.73     17791.35
       524288           80        27.04     19392.34
      1048576           40        56.58     18534.15
      2097152           20       147.36     14231.79
      4194304           10       314.56     13333.95
       #bytes #repetitions      t[usec]   Mbytes/sec
            0         1000         0.20         0.00
            1         1000         0.20         5.06
            2         1000         0.21         9.61
            4         1000         0.21        18.76
            8         1000         0.18        43.40
           16         1000         0.18        87.39
           32         1000         0.22       144.09
           64         1000         0.22       292.33
          128         1000         0.31       411.81
          256         1000         0.33       768.14
          512         1000         0.38      1361.73
         1024         1000         0.49      2111.25
         2048         1000         0.75      2748.82
         4096         1000         1.12      3661.79
         8192         1000         1.86      4411.34
        16384         1000         2.94      5575.25
        32768         1000         4.73      6934.85
        65536          640         8.05      8142.99
       131072          320        14.47      9056.55
       262144          160        12.60     20809.91
       524288           80        22.45     23357.34
      1048576           40        51.66     20296.65
      2097152           20       142.31     14736.89
      4194304           10       314.06     13354.94
       #bytes #repetitions      t[usec]   Mbytes/sec
            0         1000         0.21         0.00
            1         1000         0.20         4.95
            2         1000         0.20        10.01
            4         1000         0.19        21.15
            8         1000         0.19        43.12
           16         1000         0.19        85.59
           32         1000         0.22       143.70
           64         1000         0.23       279.65
          128         1000         0.30       420.77
          256         1000         0.33       785.53
          512         1000         0.38      1350.37
         1024         1000         0.50      2063.00
         2048         1000         0.75      2723.09
         4096         1000         1.12      3663.69
         8192         1000         1.86      4415.09
        16384         1000         2.94      5570.17
        32768         1000         4.73      6931.53
        65536          640         8.07      8121.66
       131072          320        14.94      8773.14
       262144          160        13.95     18797.84
       524288           80        24.92     21043.06
      1048576           40        55.44     18914.85
      2097152           20       146.99     14267.49
      4194304           10       311.60     13460.41
